total_time: 2.772807678207755
num_samples: 100000
samples_per_second: 36064.527946141745
generation_time:
    mean: 2.2650352437049317e-05
    std: 1.3672561183310256e-05
    min: 2.1180137991905212e-05
    max: 0.003953313454985619
