total_time: 0.4701082706451416
num_samples: 10000
samples_per_second: 21271.69553149266
generation_time:
    mean: 0.00026344196796417247
    std: 0.00027099829249483136
    min: 8.058547973632812e-05
    max: 0.00724482536315918
