total_time: 6.762258052825928
num_samples: 100000
samples_per_second: 14787.959764151605
generation_time:
  mean: 0.0012279677700996398
  std: 0.0010224438673589573
  min: 9.202957153320312e-05
  max: 0.052382707595825195
