total_time: 0.24292468279600143
num_samples: 1000
samples_per_second: 4116.5022363732405
generation_time:
    mean: 0.00018440175428986554
    std: 8.820340701771564e-05
    min: 0.0001001209020614624
    max: 0.0009522121399641037
