total_time: 38.61076894402504
num_samples: 100000
samples_per_second: 2589.9510093925455
generation_time:
    mean: 0.0003771743457391844
    std: 3.6383800519577195e-05
    min: 0.0003134962171316147
    max: 0.004294507205486298
