total_time: 0.018108537420630455
num_samples: 500
samples_per_second: 27611.285681767244
generation_time:
    mean: 2.3055143654346474e-05
    std: 1.7531746917122006e-05
    min: 2.0567327737808228e-05
    max: 0.00040634721517562866
