total_time: 1.0684625171124935
num_samples: 100000
samples_per_second: 93592.42687356852
generation_time:
    mean: 6.4013825915753085e-06
    std: 1.3731124641904326e-06
    min: 5.420297384262085e-06
    max: 0.00035959482192993164
